code
519771
519173
519022
501037
167507
160528
160424
160226
70039
16780
16616
16600
16579
16556
16520
16518
16501
16465
16463
16461
16400
16371
16346
16312
16298
16292
16291
16289
16283
16277
16263
16257
16256
16238
16234
16198
16175
16123
16099
16071
16069
16068
16052
16051
16050
16049
15971
15968
15947
15937
15903
15895
15877
15868
15850
15849
15795
15788
15773
15770
15756
15751
15750
15715
15709
15692
15690
15689
15686
15683
15677
15676
15673
15642
15637
15608
15600
15596
15593
15585
15582
15577
15576
15561
15508
15496
15491
15467
15461
15454
15390
15389
15382
15374
15358
15337
15321
15271
15205
15198
15170
15159
15152
15144
15105
15097
15075
15054
15044
15039
15031
14985
14975
14972
14970
14964
14954
14930
14914
14871
14855
14839
14830
14777
14755
14737
14728
14667
14662
14642
14601
14581
14550
14549
14544
14542
14536
14509
14507
14473
14419
14417
14377
14353
14345
14340
14335
14332
14328
14320
14306
14282
14243
14233
14225
14219
14197
14194
14173
14172
14162
14156
14143
14136
14130
14127
14126
14113
14037
13954
13896
13894
13881
13856
13841
13811
13772
13734
13722
13681
13642
13637
13622
13621
13620
13613
13562
13553
13533
13514
13489
13466
13446
13418
13410
13396
13392
13366
13340
13331
13318
13316
13314
13311
13305
13303
13299
13292
13278
13277
13167
13153
13142
13122
13116
13108
13096
13084
13081
13050
13010
12970
12964
12922
12908
12901
12899
12895
12838
12836
12809
12808
12800
12793
12780
12734
12718
12716
12707
12697
12672
12651
12630
12628
12589
12555
12553
12551
12520
12501
12492
12457
12455
12429
12343
12322
12320
12298
12228
12222
12213
12181
12180
12154
12131
12125
12120
12083
12081
12074
12040
12034
11978
11965
11937
11907
11892
11889
11883
11840
11833
11823
11707
11668
11631
11615
11613
11611
11609
11607
11604
11584
11499
11487
11477
11470
11452
11412
11402
11400
11378
11370
11350
11329
11317
11306
11301
11237
11230
11205
11197
11171
11147
11145
11137
11126
11123
11120
11117
11068
11043
11036
10993
10962
10956
10865
10853
10842
10827
10812
10791
10786
10772
10681
10655
10647
10563
10531
10524
10505
10491
10453
10422
10416
10392
10384
10372
10356
10349
10304
10246
10238
10236
10214
10203
10162
10158
10154
10138
10127
10125
10063
10034
10026
10024
10004
09995
09982
09910
09883
09870
09856
09727
09708
09609
09597
09538
09505
09492
09478
09328
09258
09243
09239
09218
09170
09127
09063
09056
09047
09034
09030
09013
09009
08989
08987
08981
08963
08950
08920
08892
08888
08750
08656
08586
08532
08423
08419
08400
08397
08348
08327
08319
08315
08282
08265
08262
08254
08212
08187
08182
08137
08087
08021
08001
07984
07950
07874
07818
07816
07794
07734
07732
07665
07658
07550
07509
07501
07499
07491
07469
07465
07450
07413
07356
07301
07223
07183
07127
07114
07089
07067
07029
06938
06924
06910
06905
06888
06733
06730
06649
06616
06594
06523
06503
06441
06433
06382
06328
06315
06269
06249
06234
06215
06166
06104
06101
06087
06080
05963
05961
05959
05919
05905
05885
05874
05795
05787
05776
05763
05727
05661
05636
05633
05627
05608
05551
05494
05491
05391
05374
05300
05287
05245
05198
05187
04875
04870
04819
04815
04744
04719
04497
04435
04433
04409
04391
04348
04347
04343
04241
04237
04235
04234
04232
04231
04195
04193
03858
03766
03761
03625
03578
03305
03070
02974
02771
02686
02451
02333
02316
02233
02207
02170
02163
02158
02157
02112
02096
02052
02051
02036
01998
01770
01665
01618
01593
01557
01467
01407
01301
01174
00850


