011965
007029
007665
011609
012734
008001
013277
001593
011613
004744
012718
013305
070039
006382
004348
014662
006215
012899
011036
013894
007223
014777
007816
012553
005919
501037
001618
012551
011317
010956
012970
011840
002974
015877
008327
013316
160424
007301
011611
015337
015600
008400
014544
014332
007984
008888
006910
012630
012555
013318
012838
013811
010524
010531
013299
014855
008987
015577
015895
015788
005727
015795
012908
013303
007874
004433
012809
006938
016277
012040
012808
014173
013331
014345
009239
015508
013278
014172
014985
015596
013292
007413
016123
015676
015673
015677
014219
005795
005627
013122
013084
014130
007794
010356
013081
014194
012901
015454
011833
014419
010063
